1   464
463
1   552
551
1   111
110
1   0
120
1   9
8
1   9
8
1   9
8
1   9
8
1   33
32
1   60
59
1   86
85
1   111
110
1   133
132
1   160
159
1   216
215
1   241
240
1   271
270
1   294
293
1   315
314
1   338
337
1   362
361
1   393
392
1 - 398
405
2   418
417
1   438
437
1   464
463
1   493
492
1   533
532
1   552
551
1   9
8
1   33
32
1   60
59
1   86
85
1   111
110
1   133
132
1   160
159
1   187
186
1   216
215
1   241
240
1   271
270
1   294
293
1   315
314
1   338
337
1   362
361
1   393
392
1 - 398
405
2   418
417
1   438
437
1   464
463
1   493
492
1   533
532
1   552
551
1   9
8
1   42
41
1 - 20
26
2   75
74
1   97
96
1   120
119
1   152
151
1   180
179
1   200
199
1   224
223
1   242
241
1   9
8
1   9
8
1   9
8
1   9
8
1   9
8
1   12
11
1   36
35
1   69
68
1   98
97
1   9
8
1   33
32
1   60
59
1   86
85
1   111
110
1   133
132
1   160
159
1   216
215
1   241
240
1   271
270
1   294
293
1   315
314
1   338
337
1   362
361
1   393
392
1 - 398
405
2   418
417
1   438
437
1   464
463
1   493
492
1   533
532
1   552
551
1   9
8
1   33
32
1   60
59
1   86
85
1   111
110
1   133
132
1   160
159
1   187
186
1   216
215
1   241
240
1   271
270
1   294
293
1   315
314
1   338
337
1   362
361
1   393
392
1 - 398
405
2   418
417
1   438
437
1   464
463
1   493
492
1   533
532
1   552
551
1   9
8
1   42
41
1 - 20
26
2   75
74
1   97
96
1   120
119
1   152
151
1   180
179
1   200
199
1   224
223
1   242
241
1   9
8
1   9
8
1   464
463
1   552
551
1   111
110
1   0
39
1   464
463
1   552
551
1   111
110
1   0
120
1   9
8
1   9
8
1   9
8
1   9
8
1   33
32
1   60
59
1   86
85
1   111
110
1   133
132
1   160
159
1   216
215
1   241
240
1   271
270
1   294
293
1   315
314
1   338
337
1   362
361
1   393
392
1 - 398
405
2   418
417
1   438
437
1   464
463
1   493
492
1   533
532
1   552
551
1   9
8
1   33
32
1   60
59
1   86
85
1   111
110
1   133
132
1   160
159
1   187
186
1   216
215
1   241
240
1   271
270
1   294
293
1   315
314
1   338
337
1   362
361
1   393
392
1 - 398
405
2   418
417
1   438
437
1   464
463
1   493
492
1   533
532
1   552
551
1   9
8
1   42
41
1 - 20
26
2   75
74
1   97
96
1   120
119
1   152
151
1   180
179
1   200
199
1   224
223
1   242
241
1   9
8
1   9
8
1   9
8
1   9
8
1   9
8
1   12
11
1   36
35
1   69
68
1   98
97
1   9
8
1   33
32
1   60
59
1   86
85
1   111
110
1   133
132
1   160
159
1   216
215
1   241
240
1   271
270
1   294
293
1   315
314
1   338
337
1   362
361
1   393
392
1 - 398
405
2   418
417
1   438
437
1   464
463
1   493
492
1   533
532
1   552
551
1   9
8
1   33
32
1   60
59
1   86
85
1   111
110
1   133
132
1   160
159
1   187
186
1   216
215
1   241
240
1   271
270
1   294
293
1   315
314
1   338
337
1   362
361
1   393
392
1 - 398
405
2   418
417
1   438
437
1   464
463
1   493
492
1   533
532
1   552
551
1   9
8
1   42
41
1 - 20
26
2   75
74
1   97
96
1   120
119
1   152
151
1   180
179
1   200
199
1   224
223
1   242
241
1   9
8
1   9
8
1   464
463
1   552
551
1   111
110
1   0
39
1   464
463
1   552
551
1   111
110
1   0
120
1   9
8
1   9
8
1   9
8
1   9
8
1   33
32
1   60
59
1   86
85
1   111
110
1   133
132
1   160
159
1   216
215
1   241
240
1   271
270
1   294
293
1   315
314
1   338
337
1   362
361
1   393
392
1 - 398
405
2   418
417
1   438
437
1   464
463
1   493
492
1   533
532
1   552
551
1   9
8
1   33
32
1   60
59
1   86
85
1   111
110
1   133
132
1   160
159
1   187
186
1   216
215
1   241
240
1   271
270
1   294
293
1   315
314
1   338
337
1   362
361
1   393
392
1 - 398
405
2   418
417
1   438
437
1   464
463
1   493
492
1   533
532
1   552
551
1   9
8
1   42
41
1 - 20
26
2   75
74
1   97
96
1   120
119
1   152
151
1   180
179
1   200
199
1   224
223
1   242
241
1   9
8
1   9
8
1   464
463
1   552
551
1   111
110
1   0
120
1   464
463
1   552
551
1   111
110
1   0
120
1   9
8
1   9
8
1   9
8
1   9
8
1   33
32
1   60
59
1   86
85
1   111
110
1   133
132
1   160
159
1   216
215
1   241
240
1   271
270
1   294
293
1   315
314
1   338
337
1   362
361
1   393
392
1 - 398
405
2   418
417
1   438
437
1   464
463
1   493
492
1   533
532
1   552
551
1   9
8
1   33
32
1   60
59
1   86
85
1   111
110
1   133
132
1   160
159
1   187
186
1   216
215
1   241
240
1   271
270
1   294
293
1   315
314
1   338
337
1   362
361
1   393
392
1 - 398
405
2   418
417
1   438
437
1   464
463
1   493
492
1   533
532
1   552
551
1   9
8
1   42
41
1 - 20
26
2   75
74
1   97
96
1   120
119
1   152
151
1   180
179
1   200
199
1   224
223
1   242
241
1   9
8
1   9
8
1   464
463
1   552
551
1   111
110
1   0
120
1   9
8
1   9
8
1   9
8
1   9
8
1   33
32
1   60
59
1   86
85
1   111
110
1   133
132
1   160
159
1   216
215
1   241
240
1   271
270
1   294
293
1   315
314
1   338
337
1   362
361
1   393
392
1 - 398
405
2   418
417
1   438
437
1   464
463
1   493
492
1   533
532
1   552
551
1   9
8
1   33
32
1   60
59
1   86
85
1   111
110
1   133
132
1   160
159
1   187
186
1   216
215
1   241
240
1   271
270
1   294
293
1   315
314
1   338
337
1   362
361
1   393
392
1 - 398
405
2   418
417
1   438
437
1   464
463
1   493
492
1   533
532
1   552
551
1   9
8
1   42
41
1 - 20
26
2   75
74
1   97
96
1   120
119
1   152
151
1   180
179
1   200
199
1   224
223
1   242
241
1   9
8
1   9
8
1   464
463
1   552
551
1   111
110
1   9
8
1   9
8
1   9
8
1   12
11
1   36
35
1   69
68
1   98
97
1   9
8
1   33
32
1   60
59
1   86
85
1   111
110
1   133
132
1   160
159
1   216
215
1   241
240
1   271
270
1   294
293
1   315
314
1   338
337
1   362
361
1   393
392
1 - 398
405
2   418
417
1   438
437
1   464
463
1   493
492
1   533
532
1   552
551
1   9
8
1   33
32
1   60
59
1   86
85
1   111
110
1   133
132
1   160
159
1   187
186
1   216
215
1   241
240
1   271
270
1   294
293
1   315
314
1   338
337
1   362
361
1   393
392
1 - 398
405
2   418
417
1   438
437
1   464
463
1   493
492
1   533
532
1   552
551
1   9
8
1   42
41
1 - 20
26
2   75
74
1   97
96
1   120
119
1   152
151
1   180
179
1   200
199
1   224
223
1   242
241
1   9
8
1   9
8
1   464
463
1   552
551
1   111
110
1   9
8
1   9
8
1   9
8
1   12
11
1   36
35
1   69
68
1   98
97
1   9
8
1   33
32
1   60
59
1   86
85
1   111
110
1   133
132
1   160
159
1   216
215
1   241
240
1   271
270
1   294
293
1   315
314
1   338
337
1   362
361
1   393
392
1 - 398
405
2   418
417
1   438
437
1   464
463
1   493
492
1   533
532
1   552
551
1   9
8
1   33
32
1   60
59
1   86
85
1   111
110
1   133
132
1   160
159
1   187
186
1   216
215
1   241
240
1   271
270
1   294
293
1   315
314
1   338
337
1   362
361
1   393
392
1 - 398
405
2   418
417
1   438
437
1   464
463
1   493
492
1   533
532
1   552
551
1   9
8
1   42
41
1 - 20
26
2   75
74
1   97
96
1   120
119
1   152
151
1   180
179
1   200
199
1   224
223
1   242
241
1   9
8
1   9
8
1   464
463
1   552
551
1   111
110
1   0
120
1   9
8
1   9
8
1   9
8
1   12
11
1   36
35
1   69
68
1   98
97
1   9
8
1   33
32
1   60
59
1   86
85
1   111
110
1   133
132
1   160
159
1   216
215
1   241
240
1   271
270
1   294
293
1   315
314
1   338
337
1   362
361
1   393
392
1 - 398
405
2   418
417
1   438
437
1   464
463
1   493
492
1   533
532
1   552
551
1   9
8
1   33
32
1   60
59
1   86
85
1   111
110
1   133
132
1   160
159
1   187
186
1   216
215
1   241
240
1   271
270
1   294
293
1   315
314
1   338
337
1   362
361
1   393
392
1 - 398
405
2   418
417
1   438
437
1   464
463
1   493
492
1   533
532
1   552
551
1   9
8
1   42
41
1 - 20
26
2   75
74
1   97
96
1   120
119
1   152
151
1   180
179
1   200
199
1   224
223
1   242
241
1   9
8
1   9
8
1   464
463
1   552
551
1   111
110
1   9
8
1   9
8
1   9
8
1   12
11
1   36
35
1   69
68
1   98
97
1   9
8
1   33
32
1   60
59
1   86
85
1   111
110
1   133
132
1   160
159
1   216
215
1   241
240
1   271
270
1   294
293
1   315
314
1   338
337
1   362
361
1   393
392
1 - 398
405
2   418
417
1   438
437
1   464
463
1   493
492
1   533
532
1   552
551
1   9
8
1   33
32
1   60
59
1   86
85
1   111
110
1   133
132
1   160
159
1   187
186
1   216
215
1   241
240
1   271
270
1   294
293
1   315
314
1   338
337
1   362
361
1   393
392
1 - 398
405
2   418
417
1   438
437
1   464
463
1   493
492
1   533
532
1   552
551
1   9
8
1   42
41
1 - 20
26
2   75
74
1   97
96
1   120
119
1   152
151
1   180
179
1   200
199
1   224
223
1   242
241
1   9
8
1   9
8
1   464
463
1   552
551
1   111
110
1   0
120
1   9
8
1   9
8
1   9
8
1   12
11
1   36
35
1   69
68
1   98
97
1   9
8
1   33
32
1   60
59
1   86
85
1   111
110
1   133
132
1   160
159
1   216
215
1   241
240
1   271
270
1   294
293
1   315
314
1   338
337
1   362
361
1   393
392
1 - 398
405
2   418
417
1   438
437
1   464
463
1   493
492
1   533
532
1   552
551
1   9
8
1   33
32
1   60
59
1   86
85
1   111
110
1   133
132
1   160
159
1   187
186
1   216
215
1   241
240
1   271
270
1   294
293
1   315
314
1   338
337
1   362
361
1   393
392
1 - 398
405
2   418
417
1   438
437
1   464
463
1   493
492
1   533
532
1   552
551
1   9
8
1   42
41
1 - 20
26
2   75
74
1   97
96
1   120
119
1   152
151
1   180
179
1   200
199
1   224
223
1   242
241
1   9
8
1   9
8
1   9
8
1   12
11
1   36
35
1   69
68
1   98
97
1   9
8
1   33
32
1   60
59
1   86
85
1   111
110
1   133
132
1   160
159
1   216
215
1   241
240
1   271
270
1   294
293
1   315
314
1   338
337
1   362
361
1   393
392
1 - 398
405
2   418
417
1   438
437
1   464
463
1   493
492
1   533
532
1   552
551
1   9
8
1   33
32
1   60
59
1   86
85
1   111
110
1   133
132
1   160
159
1   187
186
1   216
215
1   241
240
1   271
270
1   294
293
1   315
314
1   338
337
1   362
361
1   393
392
1 - 398
405
2   418
417
1   438
437
1   464
463
1   493
492
1   533
532
1   552
551
1   9
8
1   42
41
1 - 20
26
2   75
74
1   97
96
1   120
119
1   152
151
1   180
179
1   200
199
1   224
223
1   242
241
1   9
8
1   0
120
